{
 "cells": [
  {
   "cell_type": "code",
   "execution_count": 7,
   "metadata": {},
   "outputs": [],
   "source": [
    "import sqlite3\n",
    "import pandas as pd\n",
    "import numpy as np\n",
    "import sklearn\n",
    "from sklearn import preprocessing\n",
    "import seaborn as sns\n",
    "import matplotlib.pyplot as plt\n",
    "from sklearn import preprocessing\n",
    "import missingno as msno\n",
    "from sklearn.cluster import KMeans\n",
    "'''\n",
    "import plotly.plotly as py\n",
    "import plotly.graph_objs as go\n",
    "import plotly\n",
    "from plotly.offline import init_notebook_mode\n",
    "'''\n",
    "import scipy\n",
    "from scipy.cluster.hierarchy import dendrogram, linkage\n",
    "from sklearn.cluster import AgglomerativeClustering\n",
    "import sklearn.metrics as sm\n",
    "from sklearn.decomposition import PCA\n",
    "from kmodes.kmodes import KModes\n",
    "from sklearn.preprocessing import StandardScaler\n",
    "from scipy.spatial import distance\n",
    "\n",
    "pd.set_option('display.expand_frame_repr', False)\n",
    "\n",
    "#******************************************************************************\n",
    "#Import data\n",
    "#******************************************************************************\n",
    "# mac\n",
    "#my_path = '/Users/Manita/Documents/DM/project/1_import and preprocess/insurance.db'\n",
    "\n",
    "# windows\n",
    "my_path = 'insurance.db'\n",
    "#******************************************************************************\n",
    "#SQL\n",
    "#******************************************************************************\n",
    "\n",
    "conn = sqlite3.connect(my_path)\n",
    "cursor = conn.cursor()\n",
    "\n"
   ]
  },
  {
   "cell_type": "code",
   "execution_count": 108,
   "metadata": {},
   "outputs": [],
   "source": [
    "# cluster frequency plot\n",
    "\n",
    "def cluster_freq(table, column):\n",
    "    print(\"\\n\")\n",
    "    df = pd.DataFrame({\"Absolute freq\":table[column].value_counts(),\n",
    "                       \"Relative freq\": np.round(table[column].value_counts()/len(table)*100,decimals=2)})\n",
    "    print(df)\n",
    "    plt.subplots(figsize=(7, 3))\n",
    "    sns.countplot(x=table[column], data=table, palette=\"Oranges\")\n",
    "    sns.despine(left='False') \n",
    "    plt.show()\n",
    "    \n",
    "# 2 D clustering plot\n",
    "\n",
    "def plot2d(table,x,y,hue=None):\n",
    "    plt.figure(figsize=(15,7))\n",
    "    plt.title (\"Clusters\", loc = \"left\",fontweight = \"bold\")\n",
    "    sns.scatterplot(x=x, y=y, hue=hue,data=table, palette='Paired')\n",
    "    plt.tick_params(labelsize=12)\n",
    "    plt.xlabel(x,fontsize=12)\n",
    "    plt.ylabel(y,fontsize=12)    \n",
    "    plt.show()\n",
    "    \n",
    "    \n",
    "# correlations\n",
    "    \n",
    "def corr(table):\n",
    "    table = table.corr()\n",
    "    mask = np.zeros_like(table)\n",
    "    mask[np.triu_indices_from(mask)] = True\n",
    "    with sns.axes_style(\"white\"):\n",
    "        plt.figure(figsize = (10,5))\n",
    "        ax=sns.heatmap(table, \n",
    "                xticklabels=table.columns.values,\n",
    "                yticklabels=table.columns.values,\n",
    "                linewidths=0.1, annot= True,mask=mask,square=False)\n",
    "\n",
    "    #plt.show()\n",
    "    fig = ax.get_figure()\n",
    "    fig.savefig('hist2.svg')\n",
    "    \n",
    "# k means elbow\n",
    " \n",
    "def kmeans_elb(table, k):\n",
    "    cluster_range = range(1,k+1)\n",
    "    cluster_errors = []\n",
    "    sse = {}\n",
    "    for k in cluster_range:\n",
    "        kmeans = KMeans(n_clusters=k, \n",
    "                    random_state=0,\n",
    "                    n_init = 10,\n",
    "                    max_iter = 300).fit(table)\n",
    "        table[\"cluster\"] = kmeans.labels_\n",
    "        #print(data[\"clusters\"])\n",
    "        sse[k] = kmeans.inertia_\n",
    "        cluster_errors.append(kmeans.inertia_)\n",
    "        # Inertia: Sum of distances of samples to their closest cluster center\n",
    "    plt.figure(figsize=(10,7))\n",
    "    plt.plot(list(sse.keys()), list(sse.values()),\n",
    "             linewidth=1.5,\n",
    "             markeredgecolor=\"r\",\n",
    "             color = \"black\")\n",
    "    plt.title (\"Elbow Graph\", loc = \"left\",fontweight = \"bold\")\n",
    "    plt.xlabel(\"Number of cluster\")\n",
    "    plt.ylabel(\"SSE\")\n",
    "    plt.show()\n",
    "    clusters_df = pd.DataFrame({\"num_clusters\":cluster_range,\n",
    "                            \"cluster_errors\":cluster_errors})\n",
    "    print (clusters_df)\n",
    "    print(\"\")\n",
    "    print(\"Inertia:\",np.round(kmeans.inertia_,decimals=2))\n",
    "    \n",
    "    \n",
    "# dendogram\n",
    " \n",
    "def dendo(table, method = 'ward', p = 40, line = 0):\n",
    "    Z = linkage(table,\n",
    "                method = 'ward')#method='single, complete\n",
    "    plt.subplots(figsize=(8, 8))   \n",
    "    dendrogram(Z,\n",
    "               #truncate_mode='none',\n",
    "               truncate_mode='lastp',\n",
    "               p=p,\n",
    "               orientation = 'top',\n",
    "               leaf_rotation=45.,\n",
    "               leaf_font_size=10.,\n",
    "               show_contracted=True,\n",
    "               show_leaf_counts=True)\n",
    "        \n",
    "    plt.title (\"Truncated Hierarchical Clustering Dendrogram\", loc = \"left\",fontweight = \"bold\")\n",
    "    plt.axhline(y=line, color = \"salmon\", linestyle = \"--\")\n",
    "    plt.xlabel('')\n",
    "    plt.ylabel('Distance',fontsize=12)\n",
    "    plt.gca().spines['right'].set_visible(False)\n",
    "    plt.gca().spines['left'].set_visible(False)\n",
    "    plt.gca().spines['top'].set_visible(False)\n",
    "    plt.gca().spines['bottom'].set_visible(False)\n",
    "    plt.tick_params(labelsize=12)\n",
    "    plt.show()\n",
    "    \n",
    "    \n",
    "# DONUT\n",
    "\n",
    "def donut_plt(names,pop,table,nrow):\n",
    "    group_names=names\n",
    "    group_size=pop\n",
    "    subgroup_names=names\n",
    "    subgroup_size=table[nrow]\n",
    "    # colors\n",
    "    a, b, c,d,e=[plt.cm.Blues, plt.cm.Reds, plt.cm.Greens, plt.cm.Oranges, plt.cm.Greys] \n",
    "    # outside\n",
    "    fig, ax = plt.subplots(figsize=(10,10))\n",
    "    ax.axis('equal')\n",
    "    mypie, _ = ax.pie(group_size, radius=1.3,textprops={'fontsize': 14},colors=[a(0.6), b(0.6), c(0.6),d(0.6),e(0.6)], wedgeprops = { 'linewidth' : 2, 'edgecolor' : 'white' } )\n",
    "    plt.setp( mypie, width=0.3, edgecolor='white')\n",
    "    \n",
    "    # labels=group_names\n",
    "    # Inside\n",
    "    mypie2, _ = ax.pie(subgroup_size, radius=1.3-0.2, labeldistance=0.8, colors=[a(0.6), b(0.6), c(0.6),d(0.6),e(0.6)], wedgeprops = { 'linewidth' : 2, 'edgecolor' : 'white' })\n",
    "    plt.setp( mypie2, width=0.4, edgecolor='white')\n",
    "    plt.margins(0,0)\n",
    "    plt.show()"
   ]
  },
  {
   "cell_type": "code",
   "execution_count": 9,
   "metadata": {},
   "outputs": [
    {
     "name": "stdout",
     "output_type": "stream",
     "text": [
      "[('Engage',), ('LOB',)]\n",
      "<class 'list'>\n"
     ]
    }
   ],
   "source": [
    "sql = \"\"\"select name from sqlite_master where type='table' order by name\"\"\"\n",
    "cursor.execute(sql)\n",
    "result = cursor.fetchall()\n",
    "print(result)\n",
    "print(type(result))"
   ]
  },
  {
   "cell_type": "code",
   "execution_count": 11,
   "metadata": {},
   "outputs": [],
   "source": [
    "conn.close()"
   ]
  },
  {
   "cell_type": "code",
   "execution_count": 10,
   "metadata": {},
   "outputs": [
    {
     "name": "stdout",
     "output_type": "stream",
     "text": [
      "[('LOB',), ('Engage',)]\n"
     ]
    }
   ],
   "source": [
    "cursor.execute(\"select name from sqlite_master where type= 'table';\")\n",
    "print(cursor.fetchall())\n",
    "\n",
    "lob_query= \"\"\"select * from LOB\"\"\"\n",
    "engage_query = \"\"\"select * from Engage\"\"\"\n",
    "\n",
    "#Tables\n",
    "lob= pd.read_sql_query(lob_query, conn)\n",
    "engage= pd.read_sql_query(engage_query, conn)\n",
    "\n",
    "#******************************************************************************\n",
    "#Rename columns\n",
    "#******************************************************************************\n",
    "#Lob\n",
    "lob.rename(index = str, columns = {'Customer Identity':'c_id',\n",
    "                                    'Premiums in LOB: Motor':'Motor',\n",
    "                                    'Premiums in LOB: Household' : 'Household',\n",
    "                                    'Premiums in LOB: Health':'Health',\n",
    "                                    'Premiums in LOB:  Life':'Life',\n",
    "                                    'Premiums in LOB: Work Compensations':'Work_compensate'},inplace = True )\n",
    "\n",
    "#Engage\n",
    "engage.rename(index = str, columns = {'Customer Identity':'c_id',\n",
    "                                      'First Policy´s Year':'First_Policy_Year',\n",
    "                                      'Brithday Year':'Birthday',\n",
    "                                      'Educational Degree':'Educ',\n",
    "                                      'Gross Monthly Salary':'Salary',\n",
    "                                      'Geographic Living Area':'Living_Area',\n",
    "                                      'Has Children (Y=1)':'Child',\n",
    "                                      'Customer Monetary Value':'C_value',\n",
    "                                      'Claims Rate':'Claims_rate'},inplace = True )\n",
    "\n",
    "#******************************************************************************\n",
    "#Set indexes\n",
    "#******************************************************************************\n",
    "'''\n",
    "lob.c_id = lob.c_id-1\n",
    "engage.c_id = engage.c_id-1\n",
    "'''\n",
    "#lob\n",
    "#lob.set_index(keys='c_id',drop=True,inplace=True)\n",
    "lob.drop(columns=['index'],inplace=True)\n",
    "#engage\n",
    "#engage.set_index(keys='c_id',drop=True,inplace=True)\n",
    "engage.drop(columns=['index'],inplace=True)\n"
   ]
  },
  {
   "cell_type": "code",
   "execution_count": 12,
   "metadata": {},
   "outputs": [
    {
     "data": {
      "text/plain": [
       "(10296, 6)"
      ]
     },
     "execution_count": 12,
     "metadata": {},
     "output_type": "execute_result"
    }
   ],
   "source": [
    "lob.shape"
   ]
  },
  {
   "cell_type": "code",
   "execution_count": 13,
   "metadata": {},
   "outputs": [
    {
     "name": "stdout",
     "output_type": "stream",
     "text": [
      "<class 'pandas.core.frame.DataFrame'>\n",
      "Index: 10296 entries, 0 to 10295\n",
      "Data columns (total 6 columns):\n",
      " #   Column           Non-Null Count  Dtype  \n",
      "---  ------           --------------  -----  \n",
      " 0   c_id             10296 non-null  int64  \n",
      " 1   Motor            10262 non-null  float64\n",
      " 2   Household        10296 non-null  float64\n",
      " 3   Health           10253 non-null  float64\n",
      " 4   Life             10192 non-null  float64\n",
      " 5   Work_compensate  10210 non-null  float64\n",
      "dtypes: float64(5), int64(1)\n",
      "memory usage: 563.1+ KB\n"
     ]
    }
   ],
   "source": [
    "lob.info()"
   ]
  },
  {
   "cell_type": "code",
   "execution_count": 14,
   "metadata": {},
   "outputs": [
    {
     "name": "stdout",
     "output_type": "stream",
     "text": [
      "<class 'pandas.core.frame.DataFrame'>\n",
      "Index: 10296 entries, 0 to 10295\n",
      "Data columns (total 9 columns):\n",
      " #   Column             Non-Null Count  Dtype  \n",
      "---  ------             --------------  -----  \n",
      " 0   c_id               10296 non-null  int64  \n",
      " 1   First_Policy_Year  10266 non-null  float64\n",
      " 2   Birthday           10279 non-null  float64\n",
      " 3   Educ               10279 non-null  object \n",
      " 4   Salary             10260 non-null  float64\n",
      " 5   Living_Area        10295 non-null  float64\n",
      " 6   Child              10275 non-null  float64\n",
      " 7   C_value            10296 non-null  float64\n",
      " 8   Claims_rate        10296 non-null  float64\n",
      "dtypes: float64(7), int64(1), object(1)\n",
      "memory usage: 804.4+ KB\n"
     ]
    }
   ],
   "source": [
    "engage.info()"
   ]
  },
  {
   "cell_type": "code",
   "execution_count": 15,
   "metadata": {},
   "outputs": [
    {
     "data": {
      "text/html": [
       "<div>\n",
       "<style scoped>\n",
       "    .dataframe tbody tr th:only-of-type {\n",
       "        vertical-align: middle;\n",
       "    }\n",
       "\n",
       "    .dataframe tbody tr th {\n",
       "        vertical-align: top;\n",
       "    }\n",
       "\n",
       "    .dataframe thead th {\n",
       "        text-align: right;\n",
       "    }\n",
       "</style>\n",
       "<table border=\"1\" class=\"dataframe\">\n",
       "  <thead>\n",
       "    <tr style=\"text-align: right;\">\n",
       "      <th></th>\n",
       "      <th>c_id</th>\n",
       "      <th>First_Policy_Year</th>\n",
       "      <th>Birthday</th>\n",
       "      <th>Salary</th>\n",
       "      <th>Living_Area</th>\n",
       "      <th>Child</th>\n",
       "      <th>C_value</th>\n",
       "      <th>Claims_rate</th>\n",
       "    </tr>\n",
       "  </thead>\n",
       "  <tbody>\n",
       "    <tr>\n",
       "      <th>count</th>\n",
       "      <td>10296.00000</td>\n",
       "      <td>10266.000000</td>\n",
       "      <td>10279.000000</td>\n",
       "      <td>10260.000000</td>\n",
       "      <td>10295.000000</td>\n",
       "      <td>10275.000000</td>\n",
       "      <td>10296.000000</td>\n",
       "      <td>10296.000000</td>\n",
       "    </tr>\n",
       "    <tr>\n",
       "      <th>mean</th>\n",
       "      <td>5148.50000</td>\n",
       "      <td>1991.062634</td>\n",
       "      <td>1968.007783</td>\n",
       "      <td>2506.667057</td>\n",
       "      <td>2.709859</td>\n",
       "      <td>0.706764</td>\n",
       "      <td>177.892605</td>\n",
       "      <td>0.742772</td>\n",
       "    </tr>\n",
       "    <tr>\n",
       "      <th>std</th>\n",
       "      <td>2972.34352</td>\n",
       "      <td>511.267913</td>\n",
       "      <td>19.709476</td>\n",
       "      <td>1157.449634</td>\n",
       "      <td>1.266291</td>\n",
       "      <td>0.455268</td>\n",
       "      <td>1945.811505</td>\n",
       "      <td>2.916964</td>\n",
       "    </tr>\n",
       "    <tr>\n",
       "      <th>min</th>\n",
       "      <td>1.00000</td>\n",
       "      <td>1974.000000</td>\n",
       "      <td>1028.000000</td>\n",
       "      <td>333.000000</td>\n",
       "      <td>1.000000</td>\n",
       "      <td>0.000000</td>\n",
       "      <td>-165680.420000</td>\n",
       "      <td>0.000000</td>\n",
       "    </tr>\n",
       "    <tr>\n",
       "      <th>25%</th>\n",
       "      <td>2574.75000</td>\n",
       "      <td>1980.000000</td>\n",
       "      <td>1953.000000</td>\n",
       "      <td>1706.000000</td>\n",
       "      <td>1.000000</td>\n",
       "      <td>0.000000</td>\n",
       "      <td>-9.440000</td>\n",
       "      <td>0.390000</td>\n",
       "    </tr>\n",
       "    <tr>\n",
       "      <th>50%</th>\n",
       "      <td>5148.50000</td>\n",
       "      <td>1986.000000</td>\n",
       "      <td>1968.000000</td>\n",
       "      <td>2501.500000</td>\n",
       "      <td>3.000000</td>\n",
       "      <td>1.000000</td>\n",
       "      <td>186.870000</td>\n",
       "      <td>0.720000</td>\n",
       "    </tr>\n",
       "    <tr>\n",
       "      <th>75%</th>\n",
       "      <td>7722.25000</td>\n",
       "      <td>1992.000000</td>\n",
       "      <td>1983.000000</td>\n",
       "      <td>3290.250000</td>\n",
       "      <td>4.000000</td>\n",
       "      <td>1.000000</td>\n",
       "      <td>399.777500</td>\n",
       "      <td>0.980000</td>\n",
       "    </tr>\n",
       "    <tr>\n",
       "      <th>max</th>\n",
       "      <td>10296.00000</td>\n",
       "      <td>53784.000000</td>\n",
       "      <td>2001.000000</td>\n",
       "      <td>55215.000000</td>\n",
       "      <td>4.000000</td>\n",
       "      <td>1.000000</td>\n",
       "      <td>11875.890000</td>\n",
       "      <td>256.200000</td>\n",
       "    </tr>\n",
       "  </tbody>\n",
       "</table>\n",
       "</div>"
      ],
      "text/plain": [
       "              c_id  First_Policy_Year      Birthday        Salary   Living_Area         Child        C_value   Claims_rate\n",
       "count  10296.00000       10266.000000  10279.000000  10260.000000  10295.000000  10275.000000   10296.000000  10296.000000\n",
       "mean    5148.50000        1991.062634   1968.007783   2506.667057      2.709859      0.706764     177.892605      0.742772\n",
       "std     2972.34352         511.267913     19.709476   1157.449634      1.266291      0.455268    1945.811505      2.916964\n",
       "min        1.00000        1974.000000   1028.000000    333.000000      1.000000      0.000000 -165680.420000      0.000000\n",
       "25%     2574.75000        1980.000000   1953.000000   1706.000000      1.000000      0.000000      -9.440000      0.390000\n",
       "50%     5148.50000        1986.000000   1968.000000   2501.500000      3.000000      1.000000     186.870000      0.720000\n",
       "75%     7722.25000        1992.000000   1983.000000   3290.250000      4.000000      1.000000     399.777500      0.980000\n",
       "max    10296.00000       53784.000000   2001.000000  55215.000000      4.000000      1.000000   11875.890000    256.200000"
      ]
     },
     "execution_count": 15,
     "metadata": {},
     "output_type": "execute_result"
    }
   ],
   "source": [
    "#******************************************************************************\n",
    "# Cleaning Data\n",
    "#******************************************************************************\n",
    "# Don't remove more than 3% of the data\n",
    "#******************************************************************************\n",
    " \n",
    "# MISSING DATA\n",
    "\n",
    "# Join tables in a single df -> data\n",
    "\n",
    "data = engage.merge(lob,on='c_id')\n",
    "\n",
    "engage.describe()\n"
   ]
  },
  {
   "cell_type": "code",
   "execution_count": 16,
   "metadata": {},
   "outputs": [
    {
     "data": {
      "text/html": [
       "<div>\n",
       "<style scoped>\n",
       "    .dataframe tbody tr th:only-of-type {\n",
       "        vertical-align: middle;\n",
       "    }\n",
       "\n",
       "    .dataframe tbody tr th {\n",
       "        vertical-align: top;\n",
       "    }\n",
       "\n",
       "    .dataframe thead th {\n",
       "        text-align: right;\n",
       "    }\n",
       "</style>\n",
       "<table border=\"1\" class=\"dataframe\">\n",
       "  <thead>\n",
       "    <tr style=\"text-align: right;\">\n",
       "      <th></th>\n",
       "      <th>c_id</th>\n",
       "      <th>First_Policy_Year</th>\n",
       "      <th>Birthday</th>\n",
       "      <th>Salary</th>\n",
       "      <th>Living_Area</th>\n",
       "      <th>Child</th>\n",
       "      <th>C_value</th>\n",
       "      <th>Claims_rate</th>\n",
       "      <th>Motor</th>\n",
       "      <th>Household</th>\n",
       "      <th>Health</th>\n",
       "      <th>Life</th>\n",
       "      <th>Work_compensate</th>\n",
       "    </tr>\n",
       "  </thead>\n",
       "  <tbody>\n",
       "    <tr>\n",
       "      <th>count</th>\n",
       "      <td>10296.00000</td>\n",
       "      <td>10266.000000</td>\n",
       "      <td>10279.000000</td>\n",
       "      <td>10260.000000</td>\n",
       "      <td>10295.000000</td>\n",
       "      <td>10275.000000</td>\n",
       "      <td>10296.000000</td>\n",
       "      <td>10296.000000</td>\n",
       "      <td>10262.000000</td>\n",
       "      <td>10296.000000</td>\n",
       "      <td>10253.000000</td>\n",
       "      <td>10192.000000</td>\n",
       "      <td>10210.000000</td>\n",
       "    </tr>\n",
       "    <tr>\n",
       "      <th>mean</th>\n",
       "      <td>5148.50000</td>\n",
       "      <td>1991.062634</td>\n",
       "      <td>1968.007783</td>\n",
       "      <td>2506.667057</td>\n",
       "      <td>2.709859</td>\n",
       "      <td>0.706764</td>\n",
       "      <td>177.892605</td>\n",
       "      <td>0.742772</td>\n",
       "      <td>300.470252</td>\n",
       "      <td>210.431192</td>\n",
       "      <td>171.580833</td>\n",
       "      <td>41.855782</td>\n",
       "      <td>41.277514</td>\n",
       "    </tr>\n",
       "    <tr>\n",
       "      <th>std</th>\n",
       "      <td>2972.34352</td>\n",
       "      <td>511.267913</td>\n",
       "      <td>19.709476</td>\n",
       "      <td>1157.449634</td>\n",
       "      <td>1.266291</td>\n",
       "      <td>0.455268</td>\n",
       "      <td>1945.811505</td>\n",
       "      <td>2.916964</td>\n",
       "      <td>211.914997</td>\n",
       "      <td>352.595984</td>\n",
       "      <td>296.405976</td>\n",
       "      <td>47.480632</td>\n",
       "      <td>51.513572</td>\n",
       "    </tr>\n",
       "    <tr>\n",
       "      <th>min</th>\n",
       "      <td>1.00000</td>\n",
       "      <td>1974.000000</td>\n",
       "      <td>1028.000000</td>\n",
       "      <td>333.000000</td>\n",
       "      <td>1.000000</td>\n",
       "      <td>0.000000</td>\n",
       "      <td>-165680.420000</td>\n",
       "      <td>0.000000</td>\n",
       "      <td>-4.110000</td>\n",
       "      <td>-75.000000</td>\n",
       "      <td>-2.110000</td>\n",
       "      <td>-7.000000</td>\n",
       "      <td>-12.000000</td>\n",
       "    </tr>\n",
       "    <tr>\n",
       "      <th>25%</th>\n",
       "      <td>2574.75000</td>\n",
       "      <td>1980.000000</td>\n",
       "      <td>1953.000000</td>\n",
       "      <td>1706.000000</td>\n",
       "      <td>1.000000</td>\n",
       "      <td>0.000000</td>\n",
       "      <td>-9.440000</td>\n",
       "      <td>0.390000</td>\n",
       "      <td>190.590000</td>\n",
       "      <td>49.450000</td>\n",
       "      <td>111.800000</td>\n",
       "      <td>9.890000</td>\n",
       "      <td>10.670000</td>\n",
       "    </tr>\n",
       "    <tr>\n",
       "      <th>50%</th>\n",
       "      <td>5148.50000</td>\n",
       "      <td>1986.000000</td>\n",
       "      <td>1968.000000</td>\n",
       "      <td>2501.500000</td>\n",
       "      <td>3.000000</td>\n",
       "      <td>1.000000</td>\n",
       "      <td>186.870000</td>\n",
       "      <td>0.720000</td>\n",
       "      <td>298.610000</td>\n",
       "      <td>132.800000</td>\n",
       "      <td>162.810000</td>\n",
       "      <td>25.560000</td>\n",
       "      <td>25.670000</td>\n",
       "    </tr>\n",
       "    <tr>\n",
       "      <th>75%</th>\n",
       "      <td>7722.25000</td>\n",
       "      <td>1992.000000</td>\n",
       "      <td>1983.000000</td>\n",
       "      <td>3290.250000</td>\n",
       "      <td>4.000000</td>\n",
       "      <td>1.000000</td>\n",
       "      <td>399.777500</td>\n",
       "      <td>0.980000</td>\n",
       "      <td>408.300000</td>\n",
       "      <td>290.050000</td>\n",
       "      <td>219.820000</td>\n",
       "      <td>57.790000</td>\n",
       "      <td>56.790000</td>\n",
       "    </tr>\n",
       "    <tr>\n",
       "      <th>max</th>\n",
       "      <td>10296.00000</td>\n",
       "      <td>53784.000000</td>\n",
       "      <td>2001.000000</td>\n",
       "      <td>55215.000000</td>\n",
       "      <td>4.000000</td>\n",
       "      <td>1.000000</td>\n",
       "      <td>11875.890000</td>\n",
       "      <td>256.200000</td>\n",
       "      <td>11604.420000</td>\n",
       "      <td>25048.800000</td>\n",
       "      <td>28272.000000</td>\n",
       "      <td>398.300000</td>\n",
       "      <td>1988.700000</td>\n",
       "    </tr>\n",
       "  </tbody>\n",
       "</table>\n",
       "</div>"
      ],
      "text/plain": [
       "              c_id  First_Policy_Year      Birthday        Salary   Living_Area         Child        C_value   Claims_rate         Motor     Household        Health          Life  Work_compensate\n",
       "count  10296.00000       10266.000000  10279.000000  10260.000000  10295.000000  10275.000000   10296.000000  10296.000000  10262.000000  10296.000000  10253.000000  10192.000000     10210.000000\n",
       "mean    5148.50000        1991.062634   1968.007783   2506.667057      2.709859      0.706764     177.892605      0.742772    300.470252    210.431192    171.580833     41.855782        41.277514\n",
       "std     2972.34352         511.267913     19.709476   1157.449634      1.266291      0.455268    1945.811505      2.916964    211.914997    352.595984    296.405976     47.480632        51.513572\n",
       "min        1.00000        1974.000000   1028.000000    333.000000      1.000000      0.000000 -165680.420000      0.000000     -4.110000    -75.000000     -2.110000     -7.000000       -12.000000\n",
       "25%     2574.75000        1980.000000   1953.000000   1706.000000      1.000000      0.000000      -9.440000      0.390000    190.590000     49.450000    111.800000      9.890000        10.670000\n",
       "50%     5148.50000        1986.000000   1968.000000   2501.500000      3.000000      1.000000     186.870000      0.720000    298.610000    132.800000    162.810000     25.560000        25.670000\n",
       "75%     7722.25000        1992.000000   1983.000000   3290.250000      4.000000      1.000000     399.777500      0.980000    408.300000    290.050000    219.820000     57.790000        56.790000\n",
       "max    10296.00000       53784.000000   2001.000000  55215.000000      4.000000      1.000000   11875.890000    256.200000  11604.420000  25048.800000  28272.000000    398.300000      1988.700000"
      ]
     },
     "execution_count": 16,
     "metadata": {},
     "output_type": "execute_result"
    }
   ],
   "source": [
    "data.describe()"
   ]
  },
  {
   "cell_type": "code",
   "execution_count": 17,
   "metadata": {},
   "outputs": [],
   "source": [
    "data.to_csv(\"insurancedb.csv\")"
   ]
  },
  {
   "cell_type": "code",
   "execution_count": 18,
   "metadata": {},
   "outputs": [
    {
     "data": {
      "text/html": [
       "<div>\n",
       "<style scoped>\n",
       "    .dataframe tbody tr th:only-of-type {\n",
       "        vertical-align: middle;\n",
       "    }\n",
       "\n",
       "    .dataframe tbody tr th {\n",
       "        vertical-align: top;\n",
       "    }\n",
       "\n",
       "    .dataframe thead th {\n",
       "        text-align: right;\n",
       "    }\n",
       "</style>\n",
       "<table border=\"1\" class=\"dataframe\">\n",
       "  <thead>\n",
       "    <tr style=\"text-align: right;\">\n",
       "      <th></th>\n",
       "      <th>c_id</th>\n",
       "      <th>First_Policy_Year</th>\n",
       "      <th>Birthday</th>\n",
       "      <th>Salary</th>\n",
       "      <th>Living_Area</th>\n",
       "      <th>Child</th>\n",
       "      <th>C_value</th>\n",
       "      <th>Claims_rate</th>\n",
       "      <th>Motor</th>\n",
       "      <th>Household</th>\n",
       "      <th>Health</th>\n",
       "      <th>Life</th>\n",
       "      <th>Work_compensate</th>\n",
       "    </tr>\n",
       "  </thead>\n",
       "  <tbody>\n",
       "    <tr>\n",
       "      <th>c_id</th>\n",
       "      <td>1.000000</td>\n",
       "      <td>0.013598</td>\n",
       "      <td>0.008823</td>\n",
       "      <td>-0.009427</td>\n",
       "      <td>-0.005468</td>\n",
       "      <td>-0.002063</td>\n",
       "      <td>0.029437</td>\n",
       "      <td>-0.025403</td>\n",
       "      <td>-0.005235</td>\n",
       "      <td>0.022003</td>\n",
       "      <td>0.014400</td>\n",
       "      <td>0.011028</td>\n",
       "      <td>0.017045</td>\n",
       "    </tr>\n",
       "    <tr>\n",
       "      <th>First_Policy_Year</th>\n",
       "      <td>0.013598</td>\n",
       "      <td>1.000000</td>\n",
       "      <td>-0.010300</td>\n",
       "      <td>0.006808</td>\n",
       "      <td>-0.013397</td>\n",
       "      <td>-0.015502</td>\n",
       "      <td>0.000821</td>\n",
       "      <td>-0.001209</td>\n",
       "      <td>0.002314</td>\n",
       "      <td>-0.005597</td>\n",
       "      <td>0.000576</td>\n",
       "      <td>-0.003924</td>\n",
       "      <td>-0.004296</td>\n",
       "    </tr>\n",
       "    <tr>\n",
       "      <th>Birthday</th>\n",
       "      <td>0.008823</td>\n",
       "      <td>-0.010300</td>\n",
       "      <td>1.000000</td>\n",
       "      <td>-0.696189</td>\n",
       "      <td>-0.016567</td>\n",
       "      <td>0.439691</td>\n",
       "      <td>0.003498</td>\n",
       "      <td>0.004473</td>\n",
       "      <td>-0.157014</td>\n",
       "      <td>0.150434</td>\n",
       "      <td>0.003248</td>\n",
       "      <td>0.233701</td>\n",
       "      <td>0.208049</td>\n",
       "    </tr>\n",
       "    <tr>\n",
       "      <th>Salary</th>\n",
       "      <td>-0.009427</td>\n",
       "      <td>0.006808</td>\n",
       "      <td>-0.696189</td>\n",
       "      <td>1.000000</td>\n",
       "      <td>0.015385</td>\n",
       "      <td>-0.393768</td>\n",
       "      <td>-0.003256</td>\n",
       "      <td>-0.003510</td>\n",
       "      <td>0.135842</td>\n",
       "      <td>-0.133248</td>\n",
       "      <td>-0.002123</td>\n",
       "      <td>-0.196412</td>\n",
       "      <td>-0.174798</td>\n",
       "    </tr>\n",
       "    <tr>\n",
       "      <th>Living_Area</th>\n",
       "      <td>-0.005468</td>\n",
       "      <td>-0.013397</td>\n",
       "      <td>-0.016567</td>\n",
       "      <td>0.015385</td>\n",
       "      <td>1.000000</td>\n",
       "      <td>-0.021602</td>\n",
       "      <td>-0.005789</td>\n",
       "      <td>0.007498</td>\n",
       "      <td>0.000737</td>\n",
       "      <td>0.011035</td>\n",
       "      <td>0.003250</td>\n",
       "      <td>0.011742</td>\n",
       "      <td>0.003561</td>\n",
       "    </tr>\n",
       "    <tr>\n",
       "      <th>Child</th>\n",
       "      <td>-0.002063</td>\n",
       "      <td>-0.015502</td>\n",
       "      <td>0.439691</td>\n",
       "      <td>-0.393768</td>\n",
       "      <td>-0.021602</td>\n",
       "      <td>1.000000</td>\n",
       "      <td>-0.000928</td>\n",
       "      <td>-0.002202</td>\n",
       "      <td>0.155954</td>\n",
       "      <td>-0.063026</td>\n",
       "      <td>-0.065399</td>\n",
       "      <td>-0.116160</td>\n",
       "      <td>-0.085566</td>\n",
       "    </tr>\n",
       "    <tr>\n",
       "      <th>C_value</th>\n",
       "      <td>0.029437</td>\n",
       "      <td>0.000821</td>\n",
       "      <td>0.003498</td>\n",
       "      <td>-0.003256</td>\n",
       "      <td>-0.005789</td>\n",
       "      <td>-0.000928</td>\n",
       "      <td>1.000000</td>\n",
       "      <td>-0.992622</td>\n",
       "      <td>0.033655</td>\n",
       "      <td>0.032664</td>\n",
       "      <td>0.000953</td>\n",
       "      <td>0.010432</td>\n",
       "      <td>0.020290</td>\n",
       "    </tr>\n",
       "    <tr>\n",
       "      <th>Claims_rate</th>\n",
       "      <td>-0.025403</td>\n",
       "      <td>-0.001209</td>\n",
       "      <td>0.004473</td>\n",
       "      <td>-0.003510</td>\n",
       "      <td>0.007498</td>\n",
       "      <td>-0.002202</td>\n",
       "      <td>-0.992622</td>\n",
       "      <td>1.000000</td>\n",
       "      <td>-0.006459</td>\n",
       "      <td>-0.007958</td>\n",
       "      <td>0.006083</td>\n",
       "      <td>0.001081</td>\n",
       "      <td>-0.001468</td>\n",
       "    </tr>\n",
       "    <tr>\n",
       "      <th>Motor</th>\n",
       "      <td>-0.005235</td>\n",
       "      <td>0.002314</td>\n",
       "      <td>-0.157014</td>\n",
       "      <td>0.135842</td>\n",
       "      <td>0.000737</td>\n",
       "      <td>0.155954</td>\n",
       "      <td>0.033655</td>\n",
       "      <td>-0.006459</td>\n",
       "      <td>1.000000</td>\n",
       "      <td>-0.276720</td>\n",
       "      <td>-0.077721</td>\n",
       "      <td>-0.409424</td>\n",
       "      <td>-0.350368</td>\n",
       "    </tr>\n",
       "    <tr>\n",
       "      <th>Household</th>\n",
       "      <td>0.022003</td>\n",
       "      <td>-0.005597</td>\n",
       "      <td>0.150434</td>\n",
       "      <td>-0.133248</td>\n",
       "      <td>0.011035</td>\n",
       "      <td>-0.063026</td>\n",
       "      <td>0.032664</td>\n",
       "      <td>-0.007958</td>\n",
       "      <td>-0.276720</td>\n",
       "      <td>1.000000</td>\n",
       "      <td>0.024844</td>\n",
       "      <td>0.261867</td>\n",
       "      <td>0.240004</td>\n",
       "    </tr>\n",
       "    <tr>\n",
       "      <th>Health</th>\n",
       "      <td>0.014400</td>\n",
       "      <td>0.000576</td>\n",
       "      <td>0.003248</td>\n",
       "      <td>-0.002123</td>\n",
       "      <td>0.003250</td>\n",
       "      <td>-0.065399</td>\n",
       "      <td>0.000953</td>\n",
       "      <td>0.006083</td>\n",
       "      <td>-0.077721</td>\n",
       "      <td>0.024844</td>\n",
       "      <td>1.000000</td>\n",
       "      <td>0.027125</td>\n",
       "      <td>0.080007</td>\n",
       "    </tr>\n",
       "    <tr>\n",
       "      <th>Life</th>\n",
       "      <td>0.011028</td>\n",
       "      <td>-0.003924</td>\n",
       "      <td>0.233701</td>\n",
       "      <td>-0.196412</td>\n",
       "      <td>0.011742</td>\n",
       "      <td>-0.116160</td>\n",
       "      <td>0.010432</td>\n",
       "      <td>0.001081</td>\n",
       "      <td>-0.409424</td>\n",
       "      <td>0.261867</td>\n",
       "      <td>0.027125</td>\n",
       "      <td>1.000000</td>\n",
       "      <td>0.344420</td>\n",
       "    </tr>\n",
       "    <tr>\n",
       "      <th>Work_compensate</th>\n",
       "      <td>0.017045</td>\n",
       "      <td>-0.004296</td>\n",
       "      <td>0.208049</td>\n",
       "      <td>-0.174798</td>\n",
       "      <td>0.003561</td>\n",
       "      <td>-0.085566</td>\n",
       "      <td>0.020290</td>\n",
       "      <td>-0.001468</td>\n",
       "      <td>-0.350368</td>\n",
       "      <td>0.240004</td>\n",
       "      <td>0.080007</td>\n",
       "      <td>0.344420</td>\n",
       "      <td>1.000000</td>\n",
       "    </tr>\n",
       "  </tbody>\n",
       "</table>\n",
       "</div>"
      ],
      "text/plain": [
       "                       c_id  First_Policy_Year  Birthday    Salary  Living_Area     Child   C_value  Claims_rate     Motor  Household    Health      Life  Work_compensate\n",
       "c_id               1.000000           0.013598  0.008823 -0.009427    -0.005468 -0.002063  0.029437    -0.025403 -0.005235   0.022003  0.014400  0.011028         0.017045\n",
       "First_Policy_Year  0.013598           1.000000 -0.010300  0.006808    -0.013397 -0.015502  0.000821    -0.001209  0.002314  -0.005597  0.000576 -0.003924        -0.004296\n",
       "Birthday           0.008823          -0.010300  1.000000 -0.696189    -0.016567  0.439691  0.003498     0.004473 -0.157014   0.150434  0.003248  0.233701         0.208049\n",
       "Salary            -0.009427           0.006808 -0.696189  1.000000     0.015385 -0.393768 -0.003256    -0.003510  0.135842  -0.133248 -0.002123 -0.196412        -0.174798\n",
       "Living_Area       -0.005468          -0.013397 -0.016567  0.015385     1.000000 -0.021602 -0.005789     0.007498  0.000737   0.011035  0.003250  0.011742         0.003561\n",
       "Child             -0.002063          -0.015502  0.439691 -0.393768    -0.021602  1.000000 -0.000928    -0.002202  0.155954  -0.063026 -0.065399 -0.116160        -0.085566\n",
       "C_value            0.029437           0.000821  0.003498 -0.003256    -0.005789 -0.000928  1.000000    -0.992622  0.033655   0.032664  0.000953  0.010432         0.020290\n",
       "Claims_rate       -0.025403          -0.001209  0.004473 -0.003510     0.007498 -0.002202 -0.992622     1.000000 -0.006459  -0.007958  0.006083  0.001081        -0.001468\n",
       "Motor             -0.005235           0.002314 -0.157014  0.135842     0.000737  0.155954  0.033655    -0.006459  1.000000  -0.276720 -0.077721 -0.409424        -0.350368\n",
       "Household          0.022003          -0.005597  0.150434 -0.133248     0.011035 -0.063026  0.032664    -0.007958 -0.276720   1.000000  0.024844  0.261867         0.240004\n",
       "Health             0.014400           0.000576  0.003248 -0.002123     0.003250 -0.065399  0.000953     0.006083 -0.077721   0.024844  1.000000  0.027125         0.080007\n",
       "Life               0.011028          -0.003924  0.233701 -0.196412     0.011742 -0.116160  0.010432     0.001081 -0.409424   0.261867  0.027125  1.000000         0.344420\n",
       "Work_compensate    0.017045          -0.004296  0.208049 -0.174798     0.003561 -0.085566  0.020290    -0.001468 -0.350368   0.240004  0.080007  0.344420         1.000000"
      ]
     },
     "execution_count": 18,
     "metadata": {},
     "output_type": "execute_result"
    }
   ],
   "source": [
    "data.corr()"
   ]
  },
  {
   "cell_type": "code",
   "execution_count": 19,
   "metadata": {},
   "outputs": [
    {
     "data": {
